statistics-from-a-large-sample
我们对<code>0</code>到<code>255</code>之间的整数进行采样，并将结果存储在数组<code>count</code>中：<code>count[k]</code>就是整数<code>k</code> 的采样个数。

我们以<strong>浮点数</strong>数组的形式，分别返回样本的最小值、最大值、平均值、中位数和众数。其中，众数是保证唯一的。

我们先来回顾一下中位数的知识：

<ul>
	如果样本中的元素有序，并且元素数量为奇数时，中位数为最中间的那个元素；
	如果样本中的元素有序，并且元素数量为偶数时，中位数为中间的两个元素的平均值。
</ul>



<strong>示例 1：</strong>

<pre><strong>输入：</strong>count = [0,1,3,4,0,0,0,0,0,0,0,0,0,0,0,0,0,0,0,0,0,0,0,0,0,0,0,0,0,0,0,0,0,0,0,0,0,0,0,0,0,0,0,0,0,0,0,0,0,0,0,0,0,0,0,0,0,0,0,0,0,0,0,0,0,0,0,0,0,0,0,0,0,0,0,0,0,0,0,0,0,0,0,0,0,0,0,0,0,0,0,0,0,0,0,0,0,0,0,0,0,0,0,0,0,0,0,0,0,0,0,0,0,0,0,0,0,0,0,0,0,0,0,0,0,0,0,0,0,0,0,0,0,0,0,0,0,0,0,0,0,0,0,0,0,0,0,0,0,0,0,0,0,0,0,0,0,0,0,0,0,0,0,0,0,0,0,0,0,0,0,0,0,0,0,0,0,0,0,0,0,0,0,0,0,0,0,0,0,0,0,0,0,0,0,0,0,0,0,0,0,0,0,0,0,0,0,0,0,0,0,0,0,0,0,0,0,0,0,0,0,0,0,0,0,0,0,0,0,0,0,0,0,0,0,0,0,0,0,0,0,0,0,0,0,0,0,0,0,0,0,0,0,0,0,0]
<strong>输出：</strong>[1.00000,3.00000,2.37500,2.50000,3.00000]
</pre>

<strong>示例 2：</strong>

<pre><strong>输入：</strong>count = [0,4,3,2,2,0,0,0,0,0,0,0,0,0,0,0,0,0,0,0,0,0,0,0,0,0,0,0,0,0,0,0,0,0,0,0,0,0,0,0,0,0,0,0,0,0,0,0,0,0,0,0,0,0,0,0,0,0,0,0,0,0,0,0,0,0,0,0,0,0,0,0,0,0,0,0,0,0,0,0,0,0,0,0,0,0,0,0,0,0,0,0,0,0,0,0,0,0,0,0,0,0,0,0,0,0,0,0,0,0,0,0,0,0,0,0,0,0,0,0,0,0,0,0,0,0,0,0,0,0,0,0,0,0,0,0,0,0,0,0,0,0,0,0,0,0,0,0,0,0,0,0,0,0,0,0,0,0,0,0,0,0,0,0,0,0,0,0,0,0,0,0,0,0,0,0,0,0,0,0,0,0,0,0,0,0,0,0,0,0,0,0,0,0,0,0,0,0,0,0,0,0,0,0,0,0,0,0,0,0,0,0,0,0,0,0,0,0,0,0,0,0,0,0,0,0,0,0,0,0,0,0,0,0,0,0,0,0,0,0,0,0,0,0,0,0,0,0,0,0,0,0,0,0,0,0]
<strong>输出：</strong>[1.00000,4.00000,2.18182,2.00000,1.00000]
</pre>



<strong>提示：</strong>

<ol>
	<code>count.length == 256</code>
	<code>1 &lt;= sum(count) &lt;= 10^9</code>
	计数表示的众数是唯一的
	答案与真实值误差在<code>10^-5</code>以内就会被视为正确答案
</ol>

大样本统计
We sampled integers between <code>0</code> and <code>255</code>, and stored the results in an array <code>count</code>: <code>count[k]</code> is the number of integers we sampled equal to <code>k</code>.

Return the minimum, maximum, mean, median, and mode of the sample respectively, as an array of <strong>floating point numbers</strong>. The mode is guaranteed to be unique.

<em>(Recall that the median of a sample is:</em>

<ul>
	<em>The middle element, if the elements of the sample were sorted and the number of elements is odd;</em>
	<em>The average of the middle two elements, if the elements of the sample were sorted and the number of elements is even.)</em>
</ul>


<strong>Example 1:</strong>
<pre><strong>Input:</strong> count = [0,1,3,4,0,0,0,0,0,0,0,0,0,0,0,0,0,0,0,0,0,0,0,0,0,0,0,0,0,0,0,0,0,0,0,0,0,0,0,0,0,0,0,0,0,0,0,0,0,0,0,0,0,0,0,0,0,0,0,0,0,0,0,0,0,0,0,0,0,0,0,0,0,0,0,0,0,0,0,0,0,0,0,0,0,0,0,0,0,0,0,0,0,0,0,0,0,0,0,0,0,0,0,0,0,0,0,0,0,0,0,0,0,0,0,0,0,0,0,0,0,0,0,0,0,0,0,0,0,0,0,0,0,0,0,0,0,0,0,0,0,0,0,0,0,0,0,0,0,0,0,0,0,0,0,0,0,0,0,0,0,0,0,0,0,0,0,0,0,0,0,0,0,0,0,0,0,0,0,0,0,0,0,0,0,0,0,0,0,0,0,0,0,0,0,0,0,0,0,0,0,0,0,0,0,0,0,0,0,0,0,0,0,0,0,0,0,0,0,0,0,0,0,0,0,0,0,0,0,0,0,0,0,0,0,0,0,0,0,0,0,0,0,0,0,0,0,0,0,0,0,0,0,0,0,0]
<strong>Output:</strong> [1.00000,3.00000,2.37500,2.50000,3.00000]
</pre><strong>Example 2:</strong>
<pre><strong>Input:</strong> count = [0,4,3,2,2,0,0,0,0,0,0,0,0,0,0,0,0,0,0,0,0,0,0,0,0,0,0,0,0,0,0,0,0,0,0,0,0,0,0,0,0,0,0,0,0,0,0,0,0,0,0,0,0,0,0,0,0,0,0,0,0,0,0,0,0,0,0,0,0,0,0,0,0,0,0,0,0,0,0,0,0,0,0,0,0,0,0,0,0,0,0,0,0,0,0,0,0,0,0,0,0,0,0,0,0,0,0,0,0,0,0,0,0,0,0,0,0,0,0,0,0,0,0,0,0,0,0,0,0,0,0,0,0,0,0,0,0,0,0,0,0,0,0,0,0,0,0,0,0,0,0,0,0,0,0,0,0,0,0,0,0,0,0,0,0,0,0,0,0,0,0,0,0,0,0,0,0,0,0,0,0,0,0,0,0,0,0,0,0,0,0,0,0,0,0,0,0,0,0,0,0,0,0,0,0,0,0,0,0,0,0,0,0,0,0,0,0,0,0,0,0,0,0,0,0,0,0,0,0,0,0,0,0,0,0,0,0,0,0,0,0,0,0,0,0,0,0,0,0,0,0,0,0,0,0,0]
<strong>Output:</strong> [1.00000,4.00000,2.18182,2.00000,1.00000]
</pre>

<strong>Constraints:</strong>

<ol>
	<code>count.length == 256</code>
	<code>1 &lt;= sum(count) &lt;= 10^9</code>
	The mode of the sample that count represents is unique.
	Answers within <code>10^-5</code> of the true value will be accepted as correct.
</ol>
